----------------
name = majid
last_name = ghorbani
phone_number = 09112241105
Trout = 7kg-15.432098765432098
price = 1400000
Carp = 2kg-4.409171075837742
price = 440000
total_price = 1840000